200
1 276 37 98
2 130 17 16
3 1015 49 58
4 968 42 49
5 430 7 63
6 59 58 50
7 887 39 98
8 5 45 58
9 546 47 30
10 1211 7 41
11 63 2 4
12 1331 35 2
13 781 44 28
14 865 47 4
15 1081 15 98
16 897 32 71
17 478 23 30
18 1387 15 98
19 942 19 3
20 853 54 72
21 1316 7 24
22 1289 47 38
23 248 48 43
24 1026 60 55
25 1040 54 86
26 389 20 37
27 1204 57 64
28 1035 26 76
29 71 31 32
30 828 27 86
31 355 24 71
32 1440 50 87
33 768 6 57
34 1360 33 14
35 336 34 51
36 759 32 94
37 61 31 6
38 632 46 79
39 1215 38 51
40 1326 11 22
41 1029 15 2
42 409 35 71
43 476 26 66
44 705 55 74
45 724 30 35
46 1351 36 78
47 12 25 95
48 1050 52 17
49 1063 50 72
50 421 28 8
51 986 56 47
52 1168 36 26
53 1034 27 63
54 731 27 45
55 4 35 70
56 1277 51 79
57 679 30 77
58 58 52 30
59 1302 12 71
60 1197 12 12
61 1129 52 33
62 67 54 87
63 145 6 3
64 928 1 97
65 576 16 35
66 225 52 80
67 379 23 38
68 143 11 21
69 523 34 22
70 1345 18 83
71 604 30 90
72 660 32 61
73 234 2 40
74 792 22 54
75 386 17 14
76 520 58 94
77 1045 14 78
78 885 53 3
79 462 2 51
80 300 3 93
81 329 29 91
82 1037 44 55
83 1116 54 29
84 1292 52 89
85 1058 29 29
86 1073 42 4
87 809 44 74
88 658 43 81
89 874 4 95
90 612 9 28
91 98 20 10
92 157 20 39
93 325 27 73
94 517 9 2
95 1149 57 5
96 1210 53 28
97 1168 30 22
98 1276 33 5
99 775 13 45
100 203 14 74
101 1381 58 56
102 1212 13 64
103 214 43 50
104 607 33 64
105 36 21 79
106 824 58 37
107 38 11 26
108 672 52 73
109 277 22 55
110 437 18 87
111 198 54 49
112 1122 23 88
113 1095 32 99
114 1091 16 9
115 83 6 18
116 348 11 69
117 437 18 98
118 681 39 65
119 523 24 44
120 697 8 38
121 482 56 78
122 1002 9 75
123 1129 50 14
124 657 3 53
125 150 25 19
126 257 22 15
127 1260 38 49
128 157 37 71
129 459 37 11
130 547 24 38
131 1156 35 15
132 938 58 36
133 221 51 6
134 606 1 79
135 1374 1 12
136 847 8 6
137 385 16 76
138 863 11 15
139 924 11 88
140 495 11 96
141 211 28 49
142 1112 59 38
143 1127 17 92
144 977 21 13
145 426 42 41
146 82 2 2
147 606 47 77
148 656 29 51
149 642 26 9
150 132 59 41
151 1232 30 15
152 513 14 80
153 1112 56 89
154 961 43 46
155 531 12 70
156 426 20 26
157 505 24 11
158 576 6 97
159 918 6 84
160 1177 42 44
161 466 25 40
162 85 21 24
163 649 51 75
164 621 16 43
165 207 35 79
166 1186 52 77
167 189 16 29
168 42 52 32
169 823 5 35
170 1129 56 10
171 154 2 82
172 21 19 97
173 736 32 61
174 316 7 65
175 672 5 66
176 1363 12 23
177 307 10 41
178 626 7 91
179 1054 54 78
180 602 9 27
181 291 35 93
182 66 50 41
183 1277 52 87
184 1133 54 96
185 1413 14 23
186 613 28 69
187 324 4 92
188 1368 16 33
189 132 44 58
190 881 36 33
191 1109 29 69
192 929 1 51
193 694 11 34
194 995 2 83
195 854 37 3
196 128 45 46
197 1188 9 76
198 257 9 34
199 568 26 73
200 822 12 79