161
1 1440 600 150
2 1440 900 300
3 1440 840 151
4 1440 1440 1
5 1440 1440 1
6 1440 1440 1
7 1440 1440 1
8 1440 1440 1
9 1440 1440 1
10 1440 1440 1
11 1440 1440 1
12 1440 1440 1
13 1440 1440 1
14 1440 1440 1
15 1440 1440 1
16 1440 1440 1
17 1440 1440 1
18 1440 1440 1
19 1440 1440 1
20 1440 1440 1
21 1440 1440 1
22 1440 1440 1
23 1440 1440 1
24 1440 1440 1
25 1440 1440 1
26 1440 1440 1
27 1440 1440 1
28 1440 1440 1
29 1440 1440 1
30 1440 1440 1
31 1440 1440 1
32 1440 1440 1
33 1440 1440 1
34 1440 1440 1
35 1440 1440 1
36 1440 1440 1
37 1440 1440 1
38 1440 1440 1
39 1440 1440 1
40 1440 1440 1
41 1440 1440 1
42 1440 1440 1
43 1440 1440 1
44 1440 1440 1
45 1440 1440 1
46 1440 1440 1
47 1440 1440 1
48 1440 1440 1
49 1440 1440 1
50 1440 1440 1
51 1440 1440 1
52 1440 1440 1
53 1440 1440 1
54 1440 1440 1
55 1440 1440 1
56 1440 1440 1
57 1440 1440 1
58 1440 1440 1
59 1440 1440 1
60 1440 1440 1
61 1440 1440 1
62 1440 1440 1
63 1440 1440 1
64 1440 1440 1
65 1440 1440 1
66 1440 1440 1
67 1440 1440 1
68 1440 1440 1
69 1440 1440 1
70 1440 1440 1
71 1440 1440 1
72 1440 1440 1
73 1440 1440 1
74 1440 1440 1
75 1440 1440 1
76 1440 1440 1
77 1440 1440 1
78 1440 1440 1
79 1440 1440 1
80 1440 1440 1
81 1440 1440 1
82 1440 1440 1
83 1440 1440 1
84 1440 1440 1
85 1440 1440 1
86 1440 1440 1
87 1440 1440 1
88 1440 1440 1
89 1440 1440 1
90 1440 1440 1
91 1440 1440 1
92 1440 1440 1
93 1440 1440 1
94 1440 1440 1
95 1440 1440 1
96 1440 1440 1
97 1440 1440 1
98 1440 1440 1
99 1440 1440 1
100 1440 1440 1
101 1440 1440 1
102 1440 1440 1
103 1440 1440 1
104 1440 1440 1
105 1440 1440 1
106 1440 1440 1
107 1440 1440 1
108 1440 1440 1
109 1440 1440 1
110 1440 1440 1
111 1440 1440 1
112 1440 1440 1
113 1440 1440 1
114 1440 1440 1
115 1440 1440 1
116 1440 1440 1
117 1440 1440 1
118 1440 1440 1
119 1440 1440 1
120 1440 1440 1
121 1440 1440 1
122 1440 1440 1
123 1440 1440 1
124 1440 1440 1
125 1440 1440 1
126 1440 1440 1
127 1440 1440 1
128 1440 1440 1
129 1440 1440 1
130 1440 1440 1
131 1440 1440 1
132 1440 1440 1
133 1440 1440 1
134 1440 1440 1
135 1440 1440 1
136 1440 1440 1
137 1440 1440 1
138 1440 1440 1
139 1440 1440 1
140 1440 1440 1
141 1440 1440 1
142 1440 1440 1
143 1440 1440 1
144 1440 1440 1
145 1440 1440 1
146 1440 1440 1
147 1440 1440 1
148 1440 1440 1
149 1440 1440 1
150 1440 1440 1
151 1440 1440 1
152 1440 1440 1
153 1440 1440 1
154 1440 1440 1
155 1440 1440 1
156 1440 1440 1
157 1440 1440 1
158 1440 1440 1
159 1440 1440 1
160 1440 1440 1
161 1440 1440 1