200
1 1 1 2202
2 1 1 9326
3 1 1 1034
4 1 1 4180
5 1 1 1932
6 1 1 8118
7 1 1 7365
8 1 1 7738
9 1 1 6220
10 1 1 3440
11 1 1 1538
12 1 1 7994
13 1 1 465
14 1 1 6387
15 1 1 7091
16 1 1 9953
17 1 1 35
18 1 1 7298
19 1 1 4364
20 1 1 3749
21 1 1 9686
22 1 1 1675
23 1 1 5201
24 1 1 502
25 1 1 366
26 1 1 417
27 1 1 8871
28 1 1 151
29 1 1 6246
30 1 1 3549
31 1 1 6916
32 1 1 476
33 1 1 8645
34 1 1 3633
35 1 1 7175
36 1 1 8124
37 1 1 9059
38 1 1 3819
39 1 1 5664
40 1 1 3783
41 1 1 3585
42 1 1 7531
43 1 1 4748
44 1 1 353
45 1 1 6819
46 1 1 9117
47 1 1 1639
48 1 1 3046
49 1 1 4857
50 1 1 1981
51 1 1 5451
52 1 1 8206
53 1 1 6916
54 1 1 8319
55 1 1 3111
56 1 1 4971
57 1 1 4656
58 1 1 9627
59 1 1 8182
60 1 1 8279
61 1 1 6445
62 1 1 9651
63 1 1 566
64 1 1 7869
65 1 1 3978
66 1 1 6624
67 1 1 6789
68 1 1 2835
69 1 1 6015
70 1 1 8992
71 1 1 6140
72 1 1 1417
73 1 1 7192
74 1 1 8331
75 1 1 1769
76 1 1 2683
77 1 1 8536
78 1 1 6444
79 1 1 6071
80 1 1 8024
81 1 1 485
82 1 1 7690
83 1 1 713
84 1 1 5055
85 1 1 9719
86 1 1 9473
87 1 1 6449
88 1 1 2792
89 1 1 2763
90 1 1 8229
91 1 1 3719
92 1 1 202
93 1 1 3269
94 1 1 8842
95 1 1 8984
96 1 1 3804
97 1 1 6627
98 1 1 8418
99 1 1 5634
100 1 1 9467
101 1 1 5789
102 1 1 7523
103 1 1 4412
104 1 1 8979
105 1 1 9977
106 1 1 94
107 1 1 6287
108 1 1 8397
109 1 1 2118
110 1 1 8499
111 1 1 9198
112 1 1 3367
113 1 1 6982
114 1 1 920
115 1 1 7883
116 1 1 5976
117 1 1 9339
118 1 1 9084
119 1 1 3275
120 1 1 8270
121 1 1 6774
122 1 1 7946
123 1 1 5846
124 1 1 6790
125 1 1 5671
126 1 1 26
127 1 1 8823
128 1 1 8850
129 1 1 5426
130 1 1 7507
131 1 1 9829
132 1 1 459
133 1 1 3762
134 1 1 2904
135 1 1 9024
136 1 1 9576
137 1 1 2962
138 1 1 1501
139 1 1 9029
140 1 1 4183
141 1 1 532
142 1 1 1155
143 1 1 1364
144 1 1 274
145 1 1 7422
146 1 1 239
147 1 1 4608
148 1 1 4089
149 1 1 4402
150 1 1 1794
151 1 1 3025
152 1 1 5644
153 1 1 4757
154 1 1 1139
155 1 1 2744
156 1 1 2616
157 1 1 4182
158 1 1 8641
159 1 1 2755
160 1 1 4472
161 1 1 4825
162 1 1 7450
163 1 1 5276
164 1 1 8135
165 1 1 7763
166 1 1 1871
167 1 1 388
168 1 1 5112
169 1 1 6334
170 1 1 5626
171 1 1 6897
172 1 1 3081
173 1 1 4234
174 1 1 1782
175 1 1 4153
176 1 1 8358
177 1 1 3426
178 1 1 9923
179 1 1 7073
180 1 1 342
181 1 1 3693
182 1 1 293
183 1 1 6510
184 1 1 2400
185 1 1 579
186 1 1 2626
187 1 1 7302
188 1 1 8296
189 1 1 6991
190 1 1 8925
191 1 1 3615
192 1 1 8464
193 1 1 7387
194 1 1 3657
195 1 1 8584
196 1 1 503
197 1 1 6471
198 1 1 9435
199 1 1 5264
200 1 1 6985
